0.02,115.04
0.022,115.14
0.036,114.948
0.052,114.856
0.068,114.83
0.084,114.87
0.1,114.91
0.116,114.807
0.132,114.704
0.148,114.601
0.164,114.499
0.18,114.396
0.196,114.293
0.212,114.19
0.228,114.087
0.244,114.023
0.26,114.075
0.276,114.126
0.292,114.178
0.308,114.23
0.324,114.282
0.34,114.334
0.356,114.385
0.372,114.437
0.388,114.489
0.404,114.541
0.42,114.671
0.436,114.848
0.452,115.026
0.468,115.203
0.484,115.381
0.5,115.558
0.516,115.736
0.532,116.101
0.548,116.53
0.564,116.958
0.58,117.386
0.596,117.814
0.612,118.243
0.628,118.671
0.644,119.099
0.66,119.625
0.676,120.21
0.692,120.795
0.708,121.38
0.724,121.964
0.74,122.549
0.756,123.134
0.772,123.744
0.788,124.363
0.804,124.981
0.82,125.6
0.836,126.219
0.852,126.837
0.868,127.456
0.884,128.011
0.9,128.375
0.916,128.739
0.932,129.103
0.948,129.467
0.964,129.831
0.98,130.195
0.996,130.559
1.012,130.923
1.028,131.287
1.044,131.599
1.06,131.755
1.076,131.912
1.092,132.068
1.108,132.225
1.124,132.381
1.14,132.537
1.156,132.694
1.172,132.85
1.188,133.006
1.204,133.163
1.22,133.319
1.236,133.475
1.252,133.632
1.268,133.621
1.284,133.444
1.3,133.266
1.316,133.089
1.332,132.911
1.348,132.734
1.364,132.557
1.38,132.275
1.396,131.93
1.412,131.585
1.428,131.241
1.444,130.896
1.46,130.552
1.476,130.207
1.492,129.862
1.508,129.323
1.524,128.588
1.54,127.853
1.556,127.119
1.572,126.384
1.588,125.649
1.604,124.915
1.62,124.18
1.636,123.087
1.652,121.994
1.668,120.901
1.684,119.807
1.7,118.714
1.716,117.621
1.732,116.528
1.748,115.435
1.764,114.342
1.78,113.248
1.796,112.155
1.812,111.062
1.828,109.969
1.844,108.876
1.86,107.783
1.876,106.689
1.892,105.596
1.908,104.503
1.924,103.41
1.94,102.485
1.956,101.661
1.972,100.837
1.988,100.013
2.004,99.498
2.02,99.026
2.036,98.555
2.052,98.083
2.068,97.612
2.084,97.141
2.1,96.669
2.116,96.198
2.132,95.868
2.148,95.586
2.164,95.304
2.18,95.022
2.196,94.74
2.212,94.457
2.228,94.175
2.244,93.931
2.26,93.692
2.276,93.453
2.292,93.214
2.308,92.976
2.324,92.737
2.34,92.498
2.356,92.259
2.372,92.018
2.388,91.765
2.404,91.512
2.42,91.258
2.436,91.005
2.452,90.752
2.468,90.498
2.484,90.245
2.5,89.942
2.516,89.61
2.532,89.278
2.548,88.945
2.564,88.613
2.58,88.281
2.596,87.948
2.612,87.616
2.628,87.28
2.644,86.94
2.66,86.599
2.676,86.259
2.692,85.919
2.708,85.579
2.724,85.238
2.74,84.898
2.756,84.558
2.772,84.217
2.788,83.877
2.804,83.537
2.82,83.197
2.836,82.856
2.852,82.516
2.868,82.176
2.884,81.836
2.9,81.495
2.916,81.155
2.932,80.959
2.948,80.811
2.964,80.663
2.98,80.515
2.996,80.367
3.012,80.235
3.028,80.109
3.044,79.982
3.06,79.855
3.076,79.729
3.092,79.602
3.108,79.476
3.124,79.526
3.14,79.602
3.156,79.677
3.172,79.753
3.188,79.829
3.204,79.904
3.22,79.98
3.236,80.05
3.252,80.12
3.268,80.19
3.284,80.26
3.3,80.329
3.316,80.399
3.332,80.469
3.348,80.539
3.364,80.609
3.38,80.679
3.396,80.749
3.412,80.796
3.428,80.688
3.444,80.58
3.46,80.471
3.476,80.363
3.492,80.254
3.508,80.123
3.524,79.969
3.54,79.815
3.556,79.66
3.572,79.506
3.588,79.352
3.604,79.198
3.62,79.017
3.636,78.819
3.652,78.622
3.668,78.425
3.684,78.227
3.7,78.03
3.716,77.833
3.732,77.637
3.748,77.451
3.764,77.265
3.78,77.079
3.796,76.894
3.812,76.708
3.828,76.522
3.844,76.336
3.86,76.151
3.876,75.965
3.892,75.779
3.908,75.593
3.924,75.492
3.94,75.403
3.956,75.314
3.972,75.225
3.988,75.135
4.004,75.046
4.02,74.957
4.036,74.868
4.052,74.79
4.068,74.794
4.084,74.798
4.1,74.801
4.116,74.805
4.132,74.808
4.148,74.812
4.164,74.815
4.18,74.819
4.196,74.822
4.212,74.826
4.228,74.83
4.244,74.809
4.26,74.784
4.276,74.76
4.292,74.735
4.308,74.711
4.324,74.687
4.34,74.662
4.356,74.638
4.372,74.613
4.388,74.589
4.404,74.564
4.42,74.54
4.436,74.662
4.452,74.784
4.468,74.906
4.484,75.027
4.5,75.149
4.516,75.271
4.532,75.393
4.548,75.515
4.564,75.68
4.58,75.851
4.596,76.022
4.612,76.193
4.628,76.364
4.644,76.536
4.66,76.707
4.676,76.878
4.692,77.049
4.708,77.22
4.724,77.391
4.74,77.563
4.756,77.734
4.772,77.905
4.788,78.076
4.804,78.247
4.82,78.418
4.836,78.59
4.852,78.761
4.868,78.932
4.884,79.103
4.9,79.274
4.916,79.446
4.932,79.617
4.948,79.788
4.964,79.959
4.98,80.13
4.996,80.301
5.012,80.473
5.028,80.644
5.044,80.815
5.06,80.986
5.076,81.157
5.092,81.323
5.108,81.486
5.124,81.649
5.14,81.813
5.156,81.976
5.172,82.139
5.188,82.303
5.204,82.466
5.22,82.629
5.236,82.793
5.252,82.956
5.268,83.119
5.284,83.283
5.3,83.446
5.316,83.609
5.332,83.773
5.348,83.936
5.364,84.099
5.38,84.263
5.396,84.426
5.412,84.589
5.428,84.753
5.444,84.916
5.46,85.079
5.476,85.243
5.492,85.406
5.508,85.569
5.524,85.733
5.54,85.896
5.556,86.06
5.572,86.223
5.588,86.386
5.604,86.55
5.62,86.713
5.636,86.876
5.652,87.04
5.668,87.203
5.684,87.366
5.7,87.53
5.716,87.693
5.732,87.856
5.748,88.02
5.764,88.183
5.78,88.346
5.796,88.51
5.812,88.673
5.828,88.836
5.844,89.0
5.86,89.163
5.876,89.326
5.892,89.49
5.908,89.653
5.924,89.816
5.94,89.98
5.956,90.143
5.972,90.306
5.988,90.47
6.004,90.633
6.02,90.797
6.036,90.96
6.052,91.123
6.068,91.287
6.084,91.45
6.1,91.613
6.116,91.777
6.132,91.94
6.148,92.103
6.164,92.267
6.18,92.43
6.196,92.593
6.212,92.757
6.228,92.92
6.244,93.083
6.26,93.247
6.276,93.41
6.292,93.573
6.308,93.737
6.324,93.9
6.34,94.063
6.356,94.227
6.372,94.39
6.388,94.553
6.404,94.717
6.42,94.88
6.436,95.043
6.452,95.207
6.468,95.37
6.484,95.534
6.5,95.697
6.516,95.86
6.532,96.024
6.548,96.187
6.564,96.35
6.58,96.514
6.596,96.677
6.612,96.84
6.628,97.004
6.644,97.167
6.66,97.33
6.676,97.494
6.692,97.657
6.708,97.82
6.724,97.984
6.74,98.147
6.756,98.31
6.772,98.474
6.788,98.637
6.804,98.8
6.82,98.964
6.836,99.127
6.852,99.29
6.868,99.454
6.884,99.617
6.9,99.78
6.916,99.944
6.932,100.107
6.948,100.271
6.964,100.434
6.98,100.597
6.996,100.761
7.012,100.924
7.028,101.087
7.044,101.251
7.06,101.414
7.076,101.577
7.092,101.741
7.108,101.904
7.124,102.067
7.14,102.231
7.156,102.394
7.172,102.557
7.188,102.721
7.204,102.884
7.22,103.047
7.236,103.211
7.252,103.374
7.268,103.537
7.284,103.701
7.3,103.864
7.316,104.027
7.332,104.191
7.348,104.354
7.364,104.517
7.38,104.681
7.396,104.844
7.412,105.008
7.428,105.171
7.444,105.334
7.46,105.498
7.476,105.661
7.492,105.824
7.508,105.988
7.524,106.151
7.54,106.314
7.556,106.478
7.572,106.641
7.588,106.804
7.604,106.968
7.62,107.131
7.636,107.294
7.652,107.458
7.668,107.621
7.684,107.784
7.7,107.948
7.716,108.111
7.732,108.274
7.748,108.438
7.764,108.601
7.78,108.764
7.796,108.928
7.812,109.091
7.828,109.254
7.844,109.418
7.86,109.581
7.876,109.745
7.892,109.908
7.908,110.071
7.924,110.235
7.94,110.398
7.956,110.561
7.972,110.725
7.988,110.888
